uncommon
0 1425 1528
words
0 181 233 267 287 396 489 549 602 660 772 822 1039 1117 1331 1396 1637 1672
from
0 3 17 19 57 74 105 119 151 169 199 255 316 331 373 383 394 449 517 594 603 614 625 753 802 817 896 940 943 944 970 1028 1104 1220 1243 1246 1251 1287 1398 1406 1414 1448 1503 1546 1557 1617 1665 1668 1674 1715
two
0 2 21 52 73 78 116 151 181 216 235 260 308 317 319 324 390 391 405 420 466 482 540 547 551 563 566 622 632 637 642 651 657 690 717 743 758 900 907 952 964 979 987 1016 1024 1062 1132 1161 1171 1233 1241 1280 1341 1378 1432 1466 1501 1560 1575 1642 1674 1688 1692 1710
sentences
0
design
1 40 58 62 146 152 212 267 336 714 719 1029 1095 1252 1416 1430 1601 1635 1638 1679 1687
circular
1 11 1060 1529 1635 1699 1704
queue
1 104 242 823 1547 1679
kth
2 138 140 226 483 610 706 844 859 1045 1098 1368 1377 1382 1384
smallest
2 23 37 91 140 151 176 310 316 394 497 610 663 681 727 767 794 859 919 1081 1098 1135 1180 1187 1287 1377 1391 1410 1451 1539 1582 1604 1641
product
2 83 405 454 554 642 758 900 931 1001 1040 1161 1250 1253 1361 1512 1577
of
2 8 10 26 28 31 31 32 35 37 39 45 49 51 57 64 64 72 74 78 82 83 85 88 94 108 109 111 111 116 126 129 131 131 135 138 149 156 159 160 166 172 173 177 179 180 181 184 188 192 194 195 201 208 210 216 217 231 233 235 238 249 254 261 263 274 275 278 278 280 287 306 308 319 321 325 328 330 339 341 346 353 354 355 356 357 360 365 371 372 374 377 398 404 405 405 407 409 419 424 429 432 434 441 453 454 456 466 466 472 473 475 475 476 484 489 490 491 492 496 497 502 504 505 508 516 518 522 524 525 535 537 540 542 544 551 558 563 565 566 577 579 585 599 610 611 616 616 637 642 643 651 661 671 672 678 684 684 691 693 694 698 699 700 713 718 722 737 739 743 750 754 758 759 762 762 763 772 775 777 780 782 785 793 794 798 800 801 808 821 823 824 834 837 844 848 857 858 858 872 890 900 900 902 902 916 924 935 936 944 951 957 966 969 976 984 987 994 999 1004 1011 1014 1018 1019 1023 1040 1050 1052 1052 1057 1058 1062 1065 1066 1066 1070 1072 1075 1080 1080 1089 1091 1094 1099 1100 1101 1112 1118 1128 1132 1133 1135 1138 1143 1145 1146 1149 1152 1168 1173 1181 1189 1190 1196 1202 1206 1210 1211 1215 1227 1230 1231 1237 1238 1244 1247 1250 1250 1260 1266 1269 1270 1275 1280 1291 1292 1295 1300 1304 1307 1308 1325 1328 1329 1332 1334 1340 1344 1345 1360 1361 1364 1369 1369 1370 1381 1388 1391 1401 1411 1413 1413 1419 1420 1423 1426 1432 1433 1436 1438 1439 1448 1454 1458 1459 1461 1462 1464 1466 1477 1480 1481 1483 1483 1491 1495 1501 1505 1509 1511 1512 1514 1517 1522 1529 1535 1538 1541 1543 1546 1552 1553 1562 1563 1566 1567 1568 1576 1577 1578 1581 1585 1589 1591 1592 1594 1595 1596 1597 1606 1613 1614 1621 1622 1622 1642 1644 1654 1676 1677 1683 1693 1700 1701 1703 1704 1704 1709 1718
sorted
2 88 103 150 169 220 254 279 317 459 589 610 627 755 802 811 995 1009 1014 1098 1243 1280 1289 1312 1314 1341 1395 1500 1636 1682 1715
arrays
2 94 151 192 260 319 391 540 566 632 637 717 987 1132 1233 1280
maximum
3 9 18 42 49 57 60 108 119 132 163 166 170 172 177 199 233 238 272 277 289 306 308 314 319 337 343 374 379 403 405 432 454 475 476 484 485 496 516 533 542 546 556 559 565 628 630 699 730 738 744 745 758 780 785 793 801 820 834 838 852 874 888 900 903 908 924 927 935 936 940 945 951 970 978 1001 1003 1038 1043 1060 1066 1093 1094 1113 1125 1144 1161 1190 1244 1247 1270 1290 1291 1299 1345 1354 1361 1362 1389 1401 1414 1418 1438 1439 1440 1453 1457 1462 1465 1468 1501 1507 1520 1522 1543 1546 1557 1577 1581 1594 1613 1642 1660 1663 1683 1695 1701 1703 1704
score
3 23 35 161 208 226 471 493 643 657 664 693 718 779 858 940 970 1290 1309 1381 1418 1594 1653 1660 1663
removing
3 355 619 635 671 753 940 1557
substrings
3 64 195 381 457 552 619 684 900 972 1011 1036 1065 1159 1202 1227 1477 1624 1677
array
4 20 47 80 83 88 97 99 113 117 130 139 144 150 164 168 171 184 194 202 220 234 254 279 294 308 317 335 355 360 360 364 421 432 434 445 450 458 494 517 526 530 535 540 556 579 587 592 595 607 624 627 635 647 656 661 693 694 702 718 726 733 758 771 801 802 808 809 811 817 817 818 820 825 828 831 831 839 852 856 858 879 884 895 901 937 942 949 950 957 961 966 983 992 997 1005 1014 1019 1020 1035 1045 1105 1113 1118 1141 1145 1157 1177 1181 1194 1211 1221 1229 1233 1243 1248 1250 1253 1282 1309 1312 1337 1342 1362 1367 1368 1382 1385 1392 1395 1398 1414 1421 1474 1486 1486 1489 1499 1503 1512 1530 1534 1542 1552 1557 1562 1592 1605 1614 1629 1631 1636 1654 1678 1682 1695 1696 1699 1718
prototype
4
last
4 121 232 254 790 1040 1379 1448 1511
minimize
5 319 451 470 542 556 1077 1233 1407 1591 1696
hamming
5
distance
5 22 203 374 423 572 632 654 681 794 833 979 1504 1619 1699
after
5 9 249 253 355 357 493 535 619 623 635 664 693 732 763 937 945 947 1057 1058 1066 1106 1187 1290 1295 1370 1391 1453 1553 1566 1622 1653
swap
5 736 745 1096 1376 1550 1564
operations
5 93 94 202 262 301 555 647 664 689 731 804 809 872 970 1030 1105 1143 1187 1211 1370 1380 1534 1653 1654 1681 1686
clone
6 1080
graph
6 101 142 152 211 401 402 429 453 536 759 869 1059 1439
employees
7 338 1089 1494 1598
earning
7
more
7 359 768
than
7 126 359 421 554 653 727 902 1293 1301 1334
their
7 226
managers
7 1225
delete
8 206 322 327 362 384 420 474 589 606 690 810 893 995 1405 1500
the
8 35 47 51 59 78 83 109 112 114 121 127 131 133 137 138 161 184 187 197 226 231 234 246 272 294 303 319 328 330 335 346 354 356 372 389 405 413 424 442 445 451 456 465 466 468 471 473 497 497 498 499 502 517 540 542 553 569 570 579 583 594 610 612 616 632 638 647 653 667 667 677 678 685 691 718 726 756 756 785 794 794 808 832 848 851 858 876 900 909 918 961 969 976 978 983 984 996 1003 1008 1020 1034 1035 1040 1047 1049 1072 1075 1077 1081 1089 1094 1100 1111 1133 1133 1135 1146 1157 1179 1186 1296 1306 1310 1328 1337 1382 1382 1387 1418 1426 1434 1440 1452 1454 1505 1513 1529 1529 1534 1535 1541 1543 1551 1565 1579 1585 1591 1591 1597 1597 1598 1600 1610 1623 1629 1648 1665 1676 1684 1685 1695 1719
middle
8 234 969 1679
node
8 44 74 204 206 453 455 474 539 779 844 985 1024 1028 1080 1299 1348 1448
a
8 37 49 51 57 58 62 63 64 72 72 76 86 86 88 101 108 120 131 134 137 142 163 204 205 206 227 261 262 274 278 278 294 297 301 310 322 368 372 374 395 396 401 410 429 429 436 444 449 452 453 453 463 466 474 475 476 483 508 515 518 543 545 569 572 579 582 586 592 610 613 615 626 644 649 672 678 699 700 706 711 718 724 750 753 762 763 768 769 772 794 803 811 823 829 844 850 875 890 895 921 935 953 979 1014 1016 1018 1021 1023 1028 1033 1037 1052 1066 1080 1080 1080 1084 1084 1098 1112 1112 1113 1113 1117 1118 1124 1133 1138 1142 1149 1153 1164 1172 1193 1193 1194 1197 1201 1202 1205 1231 1234 1238 1251 1275 1277 1284 1290 1314 1327 1329 1331 1340 1365 1369 1373 1377 1396 1411 1420 1430 1436 1438 1439 1458 1459 1468 1486 1495 1509 1514 1520 1538 1551 1565 1570 1578 1581 1584 1594 1621 1626 1643 1644 1644 1644 1657 1685 1699 1704 1705
linked
8 40 100 206 368 539 560 596 644 652 658 728 734 743 786 887 963 969 1249 1348 1667
list
8 40 74 100 169 206 270 284 368 448 539 560 596 644 645 652 658 728 755 762 762 786 867 887 963 968 969 1249 1348 1488 1519 1551 1650 1667 1715
segment
9 1292
sum
9 16 78 82 85 94 117 126 135 148 154 156 184 210 223 235 265 317 330 341 377 420 432 438 485 522 535 556 578 581 584 598 610 684 706 732 775 788 803 820 827 836 841 862 864 897 903 905 939 953 964 978 988 1012 1014 1016 1019 1019 1033 1037 1038 1052 1058 1060 1061 1078 1082 1093 1102 1126 1127 1129 1132 1134 1140 1144 1145 1146 1167 1190 1198 1215 1221 1233 1241 1266 1272 1281 1328 1350 1354 1366 1374 1391 1401 1432 1438 1461 1480 1483 1566 1568 1573 1602 1622 1642 1662 1663 1693
removals
9 1181 1295
number
10 17 26 28 31 39 55 57 72 92 93 94 109 111 116 129 140 151 159 160 170 177 179 188 192 195 198 201 213 216 231 233 263 275 306 316 321 328 330 342 345 346 348 354 356 365 371 372 413 424 431 441 456 466 472 475 476 479 484 492 496 497 502 504 505 510 516 525 537 558 577 609 651 653 655 671 691 699 712 713 715 722 737 739 763 769 772 773 777 780 785 794 801 823 824 825 834 837 848 850 857 872 881 902 908 924 933 935 951 959 976 984 994 999 1011 1033 1050 1052 1065 1067 1070 1075 1089 1094 1100 1101 1106 1128 1135 1143 1152 1154 1168 1173 1181 1182 1189 1196 1211 1227 1230 1231 1231 1237 1238 1244 1260 1285 1295 1297 1300 1304 1320 1328 1338 1344 1360 1369 1372 1381 1383 1388 1411 1413 1420 1420 1426 1448 1449 1454 1465 1478 1495 1505 1514 1522 1535 1541 1546 1552 1562 1565 1566 1578 1581 1596 1597 1607 1613 1618 1621 1654 1669 1676 1683 1700 1703 1704
digit
10 17 151 198 198 307 509 905 921 1012 1019 1520 1566
one
10 110 180 207 445 602 736 768 941 1158 1201 1292 1380 1420 1553 1624 1657
permutation
11 145 190 910 1311 1373 1503 1574 1620
in
11 22 30 44 47 86 96 97 101 113 114 121 134 137 140 142 145 171 184 204 205 206 215 220 227 231 234 249 254 268 278 286 297 308 335 353 368 387 396 398 401 406 414 429 437 444 452 453 474 475 476 483 491 512 513 521 533 539 556 582 607 613 615 626 627 652 658 668 672 685 687 699 701 706 733 734 737 750 758 768 772 803 810 811 818 823 825 829 843 852 853 854 865 869 876 877 878 881 919 921 948 950 959 975 985 991 1014 1023 1035 1045 1046 1059 1065 1080 1084 1086 1093 1096 1098 1103 1112 1113 1117 1133 1136 1152 1177 1192 1193 1194 1201 1205 1212 1218 1234 1248 1262 1266 1277 1284 1288 1314 1317 1331 1367 1368 1377 1382 1385 1393 1395 1402 1406 1409 1420 1446 1487 1489 1536 1542 1551 1564 1578 1581 1582 1584 1597 1600 1605 1610 1616 1619 1621 1626 1631 1636 1643 1644 1657 1685 1692 1696 1699
binary
11 13 18 30 51 79 141 150 166 196 204 236 243 248 255 261 268 276 295 337 373 381 393 395 398 400 416 452 524 548 552 596 598 615 625 658 672 679 687 688 700 706 718 737 755 777 781 796 807 819 830 883 896 913 925 945 975 998 1004 1013 1026 1028 1054 1080 1093 1104 1124 1197 1199 1201 1215 1217 1220 1235 1236 1284 1292 1298 1317 1329 1340 1354 1361 1393 1420 1426 1438 1449 1458 1462 1466 1479 1482 1505 1509 1518 1567 1606 1616 1619 1662 1692 1694 1705 1710
representation
11 737 1420
my
12 541 1646
calendar
12 541 1646
ii
12 14 29 50 68 115 116 122 123 220 232 283 290 317 337 361 363 366 382 410 418 422 462 470 480 487 496 500 514 562 568 589 591 627 637 666 695 697 773 786 809 836 948 954 963 980 982 985 986 1017 1048 1076 1134 1142 1154 1155 1185 1219 1243 1265 1289 1317 1363 1372 1390 1415 1425 1447 1456 1474 1475 1479 1559 1560 1588 1604 1612 1694 1715 1717
special
13 201 421 508 927 938 1084 1274 1502 1714
string
13 49 51 64 66 72 76 145 147 186 200 205 245 269 274 310 316 329 352 357 391 456 457 465 480 491 513 547 552 579 586 605 606 616 619 649 736 752 753 767 777 816 842 846 849 871 881 894 921 945 948 959 1013 1031 1045 1068 1096 1104 1117 1118 1124 1133 1138 1139 1164 1164 1175 1187 1202 1217 1234 1240 1260 1287 1290 1292 1306 1326 1329 1331 1352 1356 1385 1410 1426 1446 1459 1505 1545 1578 1617 1622 1640 1643 1699 1719
parallel
14 1608
courses
14 1608
minimum
15 29 61 76 83 86 93 94 98 105 109 116 143 147 158 161 180 197 204 208 215 216 220 221 224 249 262 286 301 315 330 354 357 358 364 380 404 420 427 429 447 456 472 499 501 508 530 577 578 582 595 601 619 636 638 640 647 657 671 686 689 705 720 722 731 739 740 752 764 785 809 812 827 833 835 841 872 930 939 943 958 979 983 993 1023 1030 1037 1050 1101 1103 1105 1110 1112 1119 1132 1153 1156 1173 1175 1181 1210 1211 1214 1217 1237 1294 1374 1380 1388 1409 1411 1426 1432 1436 1440 1476 1502 1505 1515 1533 1557 1566 1570 1571 1585 1606 1621 1633 1636 1654 1657 1686 1707 1716
time
15 68 86 107 165 252 286 291 338 358 443 447 499 515 582 601 617 686 698 756 787 1079 1110 1124 1210 1294 1315 1343 1386 1428 1433 1495 1502 1515 1521 1567 1571 1647 1689 1716
to
15 17 19 28 57 61 68 72 76 78 81 86 87 93 103 107 109 111 116 121 129 130 147 148 150 158 165 180 189 197 197 203 216 224 257 262 269 286 298 301 315 338 354 358 364 365 427 443 445 446 456 469 499 501 511 515 525 525 526 530 552 553 555 565 572 578 582 589 592 595 596 598 601 603 606 636 647 665 686 705 715 722 731 731 740 752 754 755 760 763 801 807 809 812 813 815 822 824 835 842 850 855 872 872 874 880 902 907 958 979 983 991 995 997 1020 1024 1028 1033 1037 1037 1061 1069 1072 1077 1079 1089 1101 1105 1110 1124 1143 1153 1153 1156 1158 1168 1169 1173 1175 1181 1198 1209 1210 1211 1215 1217 1226 1231 1231 1233 1253 1257 1258 1260 1289 1293 1294 1309 1315 1325 1337 1356 1360 1380 1388 1411 1411 1420 1420 1426 1448 1476 1481 1500 1502 1505 1514 1515 1521 1524 1530 1533 1534 1552 1562 1562 1567 1570 1571 1585 1614 1617 1632 1648 1648 1654 1654 1657 1659 1661 1681 1686 1686 1699 1713 1716
complete
15 688 1515 1532 1535
all
15 19 64 114 137 191 236 287 309 338 453 478 513 582 585 607 616 684 693 718 733 754 776 858 872 948 1011 1018 1063 1072 1081 1105 1177 1294 1329 1461 1477 1619 1625 1632 1643 1648 1654 1659 1692 1702 1716
tasks
15 354 376 516 812
constrained
16
subsequence
16 37 54 161 219 223 262 339 418 435 440 485 498 522 621 774 789 857 886 897 967 1146 1195 1224 1409 1425 1528 1563 1660
remove
17 74 169 415 445 513 600 612 740 802 912 917 948 1018 1077 1090 1243 1399 1460 1603 1665 1667 1715 1716
maximize
17 203 331 473 526 535 638 694 723 1309 1653 1674
result
17
tree
18 150 166 175 204 215 217 238 243 248 255 261 268 276 280 295 337 373 393 395 398 400 416 449 452 455 488 524 548 582 596 598 598 615 625 626 658 659 672 674 687 688 700 706 755 781 804 807 819 844 880 883 896 913 943 975 1026 1028 1054 1080 1080 1086 1093 1104 1151 1158 1197 1199 1220 1232 1235 1236 1266 1284 1298 1302 1317 1340 1354 1361 1393 1431 1438 1458 1462 1482 1485 1509 1514 1518 1532 1567 1584 1606 1616 1619 1694 1705
paths
19 243 363 452 672 826 1381 1448 1464 1517 1555 1648
source
19
target
19 72 111 315 335 446 451 469 727 856 937 964 1356 1699
monotonic
20
combine
21
tables
21
matrix
22 30 36 46 361 412 444 460 493 610 613 803 1021 1034 1038 1082 1098 1142 1149 1170 1172 1201 1228 1277 1303 1314 1347 1639 1666 1684 1685
cells
22 26 134 623 1610 1621
order
22 248 335 512 700 1151 1262 1409 1431 1482 1582 1593 1694
rotation
23 1639
with
23 37 39 49 52 62 91 94 107 111 129 152 161 165 202 211 223 230 257 272 284 287 310 311 315 322 352 379 421 426 428 457 469 471 506 508 552 557 569 581 602 610 617 640 648 649 689 718 730 741 767 775 779 794 830 856 905 911 928 931 939 951 953 964 978 1021 1081 1084 1114 1131 1144 1146 1213 1221 1225 1253 1281 1291 1293 1301 1316 1342 1365 1366 1373 1381 1391 1396 1397 1408 1414 1449 1451 1454 1457 1486 1492 1494 1504 1540 1541 1549 1614 1623 1625 1662 1677 1703 1706 1709 1712 1719
highest
23 70 293 404 442 471 718 779 1165 1364
longest
24 51 54 97 106 200 219 223 228 239 250 285 339 387 401 435 440 590 615 621 708 729 765 806 857 876 878 886 889 906 967 974 1025 1047 1195 1248 1277 1293 1316 1352 1425 1490 1528 1553 1563
valid
24 149 294 371 422 460 586 609 629 707 740 747 752 772 947 1047 1087 1139 1150 1193 1239 1268 1320 1336 1400 1421 1434 1476 1501 1510 1657 1702
parentheses
24 87 586 600 643 740 751 1400 1460 1476 1501 1543
super
25 41 873 1088 1285
egg
25 741
drop
25 741
count
26 39 45 64 156 198 201 227 230 231 268 274 321 325 328 353 381 408 424 459 471 502 504 520 528 555 561 566 602 631 837 875 884 905 929 934 938 950 991 1057 1075 1078 1100 1114 1202 1209 1216 1227 1230 1244 1253 1259 1270 1274 1275 1286 1288 1300 1314 1402 1412 1441 1481 1489 1504 1532 1535 1565 1599 1610 1620 1624 1702
total
26 689 1077 1138 1345 1386 1483 1591 1709
colored
26 538 612
student
27 667 1612
attendance
27 1612
record
27 1612
i
27 57 541 570 630 1115 1180 1528 1651
students
28 35 226 289 359 965 1495
unable
28
eat
28 669
lunch
28
area
29 118 324 798 821 930 1066 1099 1185 1207
rectangle
29 126 569 701 930 977 1185 1207 1222 1455 1556
shortest
30 142 152 572 581 776 860 1131 1387 1469 1496 1628 1659 1699
path
30 106 152 508 586 615 640 708 725 730 776 827 836 841 864 869 1131 1140 1193 1201 1277 1354 1439 1498 1616 1652 1657 1659
sets
31
k
31 39 98 126 129 219 330 369 394 404 457 494 501 535 549 554 581 604 636 639 648 663 664 665 689 763 884 902 917 944 956 965 978 1005 1009 1035 1040 1063 1074 1144 1146 1183 1198 1237 1272 1281 1295 1316 1329 1362 1451 1619 1649 1685 1695
non-overlapping
31 964 1171 1401 1642 1711
line
31 436 543 1333 1570
segments
31 1072 1334 1578 1674
human
32
traffic
32
stadium
32
find
33 51 112 131 194 215 220 234 254 272 330 340 346 372 389 410 413 434 442 460 478 498 505 506 540 553 579 585 607 610 632 635 639 667 681 693 702 710 724 727 733 759 785 794 808 817 858 861 869 876 929 937 964 975 1013 1024 1033 1047 1061 1080 1086 1094 1133 1146 1157 1177 1251 1294 1310 1366 1382 1384 1386 1387 1403 1418 1424 1444 1446 1451 1485 1487 1527 1529 1605 1609 1625 1629 1636 1643 1668 1695 1719
right
33 44 913 944 985 1129
interval
33 167 270 705 974
department
34 70 1276
top
34 549 840 965 1183
three
34 130 180 551 768 885 1011 1033 1052 1163 1221 1256 1308 1365 1491 1577 1626 1677
salaries
34
solving
35
math
35
expression
35 302 463 793 805 1116 1585
01
36
k-length
37
occurrences
37 1018 1700
letter
37 190 491 727 760 1238
duplicate
38 350 384 413 765 810 861 1042 1090 1265 1487
emails
38 384
pairs
39 45 111 149 160 171 188 210 265 325 328 407 441 494 504 517 542 620 884 953 1005 1161 1375 1413 1451 1489 1564 1592 1709
absolute
39 380 708 793 1014 1103 1190 1293
difference
39 143 249 380 389 404 447 451 542 546 614 1019 1103 1161 1233 1299 1362 1507 1520 1563 1629
palindromes
41
average
42 143 398 630 787 902 1342 1433 1440 1481 1614
pass
42 996
ratio
42
peeking
43
iterator
43 819 1245 1650
populating
44 985
next
44 510 539 985 1311 1363 1531
pointers
44 985
each
44 90 179 525 705 872 919 944 964 985 1047 1086 1089 1276 1386 1631
nodes
45 96 268 311 321 362 368 406 414 471 754 775 776 785 833 1024 1059 1081 1199 1481 1532 1564 1619
pyramid
46
transition
46
separate
47 1168
digits
47 222 230 252 383 469 899 917 1428 1549 1565 1566 1622 1671
an
47 53 89 134 171 174 202 308 346 458 473 547 595 607 614 661 693 694 719 733 758 801 808 818 825 839 858 950 957 966 991 1019 1035 1045 1177 1248 1368 1385 1414 1486 1489 1542 1605 1686
incremental
48
memory
48 336
leak
48
length
49 172 331 339 357 405 414 475 616 619 900 1063 1146 1247 1511 1517 1584
concatenated
49
unique
49 61 64 77 82 125 179 230 363 530 679 826 946 1013 1039 1061 1234 1295 1479 1555 1596 1623 1700
characters
49 64 159 180 239 333 606 649 916 1011 1032 1316 1356 1378 1424 1597 1613 1632 1677
car
50 56 1497
fleet
50 56
balanced
51 205 456 465 510 1054 1175
substring
51 228 239 272 287 465 475 506 744 765 876 906 1018 1106 1119 1316 1378 1540 1548
furthest
52 1208
houses
52
different
52 87 525 648 1286 1365
colors
52 922 1131 1365
defanging
53
ip
53 124
address
53
continuous
54 1211 1293 1602 1628
increasing
54 186 222 269 445 512 546 771 789 835 857 1195 1277 1431 1441
strictly
55 445
palindromic
55 77 228 405 440 900 912 1159 1286 1478
integers
57 78 133 137 235 648 905 936 1033 1055 1061 1251 1274 1281 1288 1295 1358 1380 1575 1590 1676
choose
57
range
57 134 137 156 162 231 394 464 568 599 862 1126 1167 1180 1192 1568 1604
food
58 109 750
rating
58 1526
system
58 810 1029 1417 1487 1638
rotating
59 63
box
59 298 476 872
good
60 268 478 553 561 895 950 976 1100 1412 1594 1596
people
60 511 762 823 1101 1257 1625
based
60 1689
on
60 134 358 371 436 528 669 804 1275 1373 1468 1571
statements
60
deletions
61 1175
make
61 76 103 116 159 216 262 301 306 364 427 445 456 530 589 592 606 647 672 717 736 740 752 754 809 835 879 907 995 997 1007 1072 1105 1141 1143 1153 1173 1175 1181 1211 1217 1246 1253 1289 1337 1356 1380 1388 1426 1476 1500 1505 1534 1632 1648 1654 1657 1681
character
61 572 944 1234 1490 1624
frequencies
61
stack
62 202 209 703 888 1267
increment
62 110 530
operation
62 690 1437 1542
cyclically
63
grid
63 86 131 301 668 699 723 735 824 1112 1193 1355 1365 1546 1581 1610 1621 1626 1657
given
64 72 274 310 322 335 460 475 506 509 547 702 724 1024 1033 1037 1113 1328 1396 1428 1495 1530 1563
nim
65
game
65 157 225 237 251 258 382 385 462 608 678 680 735 742 748 757 781 788 791 990 1071 1091 1109 1115 1278 1323 1330 1445 1463 1493 1529 1597
scramble
66
richest
67 594
customer
67 691 1403
wealth
67
best
68 107 165 443 1171 1271 1315 1492 1521
buy
68 107 165 443 1079 1315 1521
and
68 107 165 198 214 215 254 257 267 273 275 300 362 373 404 407 432 443 451 460 550 573 576 599 618 620 625 654 662 716 741 785 870 885 891 896 902 944 981 1019 1026 1032 1066 1076 1129 1191 1200 1203 1216 1222 1270 1296 1299 1301 1315 1405 1440 1446 1489 1521 1523 1537 1557 1569 1609 1627 1682 1702
sell
68 107 165 443 538 1315 1521
stock
68 107 155 165 443 1137 1315 1521
print
69 673 1235 1262 1672
zero
69 257 555 731 879 1061 1072 1231 1301 1380 1648
even
69 100 275 414 754 876 905 936 989 1058 1188 1232 1627
odd
69 100 275 649 881 989 1232 1627
salary
70 293 408 1165 1440 1440 1550
house
71 229 588 697 1351
robber
71 229 588 697
iii
71 347 532 584 826 864 995 1042 1067 1117 1170 1323 1351 1383 1463 1521 1531 1608 1646
ways
72 87 129 130 365 525 592 763 801 824 991 1168 1209 1253 1360 1369 1514 1552 1559 1562 1656
form
72 151 360 446 469 566 984 1037
dictionary
72 174 387 692 878
determine
73 678 1240 1639
if
73 137 181 198 294 297 391 494 543 547 586 612 736 782 869 895 947 962 1052 1063 1118 1164 1193 1218 1240 1292 1329 1335 1644 1682
strings
73 111 116 205 216 231 247 325 390 420 427 433 459 478 502 547 563 604 616 690 736 907 1065 1121 1130 1332 1402 1419 1501 1561 1615 1632 1681
are
73 137 297 390 391 494 612 653 1063 1240
close
73
nth
74 307 431 1165
end
74
exchange
75
seats
75
insertion
76 1453 1488
steps
76 116 216 763 997 1231 1420
palindrome
76 112 250 331 342 422 481 604 707 711 806 860 887 907 1122 1148 1155 1375 1388 1641
length-3
77
subsequences
77 201 331 366 405 642 882 912 949 1196 1286 1328 1596
convert
78 93 147 150 755 813 831 850 880 1486 1622
integer
78 81 346 469 523 614 663 724 822 842 1056 1270 1270 1325 1371 1382 1423 1605 1617 1661 1686
no-zero
78
gap
79 628
partition
80 99 154 294 448 457 801 820 1123 1198 1221 1233 1362 1530
roman
81 1661
elements
82 83 249 355 369 394 421 451 546 639 657 693 758 818 1037 1105 1144 1183 1398 1454 1534 1614 1654 1667 1692
non-zero
83
largest
84 101 117 118 213 392 469 483 492 563 613 691 701 706 795 881 915 921 928 959 984 1086 1106 1114 1146 1259 1301 1308 1313 1368 1378 1382 1384 1428 1434 1478 1540 1558 1693
component
84
size
84 490 902 1020 1329 1367 1374 1677 1688
by
84 110 133 141 163 179 226 252 260 303 312 360 494 578 622 654 657 663 717 738 771 797 879 884 1074 1097 1201 1264 1282 1386 1389 1467 1474 1520 1547 1624 1639 1676 1709
common
84 434 540 590 602 720 800 889 967 1340 1424 1443 1509
factor
84 138
left
85 944 1129 1485 1598
leaves
85 322 800 1102
visit
86 934
cell
86
add
87 247 267 469 472 754 805 899 925 952 1037 1158 1325 1476 1560
squares
88 425 461 569 668 1708
flipping
89 493 1445
image
89 288 683 1484
most
90 438 457 498 505 509 557 583 825 1201 1292 1443 1544 1712
beautiful
90 356 424 792 1219 1229 1410
item
90
for
90 98 294 420 465 570 575 690 724 820 993 1002 1214 1239 1276 1428 1522 1567
query
90 705 862 1126 1167 1507
index
91 234 710 1000 1113 1133 1194 1326 1432
equal
91 94 111 154 159 198 257 314 421 427 566 620 650 672 717 736 809 879 902 972 1007 1072 1105 1153 1198 1214 1221 1256 1293 1366 1378 1481 1489 1534 1614 1632 1654 1681
value
91 101 133 173 198 310 322 403 506 526 578 632 720 793 919 1086 1113 1135 1157 1370 1384 1391 1453 1485 1585
additive
92
3sum
95 428 430
reverse
96 414 480 526 564 728 786 871 1030 1117 1120 1162 1269 1331 1371 1459
k-group
96
mountain
97 1181 1194 1421
adjacent
98 513 517 948 1096 1454 1706
swaps
98 427 456 767 835 1505
consecutive
98 122 285 306 333 347 527 636 927 949 1004 1033 1055 1073 1156 1237 1251 1408 1573
ones
98 347 1055 1292 1334 1457
into
99 130 395 457 739 831 949 1184 1221 1233 1392 1486
disjoint
99 334
intervals
99 334 646 1288 1711
color
101 612 1454
directed
101 453
advantage
102
shuffle
102 458 726
max
103 126 173 347 436 441 614 642 680 821 1258 1289 1381 1504
chunks
103 1289
implement
104 692 703 1634
using
104 376 703 768 979 1502
stacks
104
space
105 689
wasted
105 689
packaging
105
univalue
106
transaction
107
fee
107
performance
108
team
108 1492 1539
buckets
109
feed
109
hamsters
109
submatrices
110
concatenation
111 287 828 1004 1157 1718
closest
112 203 430 639 665 897 1024 1147 1192 1242
replace
113 465 660 667 818 1446 1609 1623
non-coprime
113
numbers
113 135 148 182 230 297 308 330 377 444 509 527 528 599 629 650 653 733 739 914 952 1004 1040 1057 1058 1168 1179 1188 1192 1215 1261 1314 1408 1412 1549 1560 1573 1577
first
114 254 760 904 955 1022 1133 1234 1448
day
114 1379
where
114 187 1296 1379 1695
you
114 119 233 306 516 614 669 848 1208 1379 1522 1695
have
114 649 848
been
114
rooms
114 870 991
basic
115 304 1658
calculator
115 152 185 304 1658
anagram
116 216 1087
split
117 130 205 595 652 907 936 939 949 1337 1342 1392 1552
triangle
118 367 591 1313 1320 1321 1697
points
119 281 324 324 365 436 665 785 924 951 1546
can
119 233 306 496 516 566 614 669 736 780 838 918 984 1164 1208 1218 1246 1273 1379 1522 1639 1695
obtain
119 555
cards
119 278 512 1156
coloring
120 781
border
120
person
121 203 1442
fit
121
bus
121 128
moving
122 1073
stones
122 273 940 1073 1077 1533 1712
until
122 1073
n-queens
123 1525
restore
124 517 961
addresses
124 946
making
125 545
file
125 708 1319 1487
names
125 829
no
126 324 1492 1706
larger
126
solve
127
equation
127 173 724
routes
128 1648
rearrange
129 396 1124 1309 1356 1435
sticks
129 129
visible
129 823 924
subarrays
130 360 369 424 648 717 814 837 1100 1206 1366 1401 1642 1662 1703
width
131 166 1043
columns
131 589 995 1389 1500
subarray
132 467 526 554 559 581 630 903 1001 1025 1060 1074 1190 1247 1272 1293 1374 1480 1538 1553 1594 1602 1628 1649
min-product
132
sort
133 164 226 771 797 839 846 922 957 983 1034 1179 1282 1474 1475 1488 1519 1627 1676
power
133 409 1062 1307 1491 1576
excel
134 712 1359
sheet
134 712 1359
k-mirror
135
slowest
136
key
136 825 1373
check
137 181 198 261 294 297 390 391 494 543 547 586 676 736 782 828 895 947 962 1052 1063 1118 1164 1193 1218 1292 1329 1335 1473 1644 1682
covered
137 163 1389
n
138 509 552 616 623 741 824 1061 1506 1653
decode
139 214 851 1031 1559 1574 1656
xored
139 1574
multiplication
140 970 1182
table
140 750 829 1435
prefix
141 540 716 729 889 1118 1269 1309 1396 1644
divisible
141 369 392 494 663 884 1074 1489 1709
5
141 359 1225
cycle
142 401 560 963 1584
nested
144 901 1650
generator
144
authentication
146
manager
146 1598
moves
147 315 364 722 1388 1581
root
148 321 1215
leaf
148 943 1215 1287
arrangement
149 792 1219
search
150 255 267 395 400 598 627 679 682 716 755 819 975 998 1017 1142 1172 1197 1284 1284 1298 1395 1431 1479 1509 1675 1692 1705
set
153 412 509 737 1110 1688
mismatch
153
subset
154 392 702 762 1461
price
155 654 1591
fluctuation
155
stone
157 232 382 742 790 791 990 1278 1463
viii
157
garden
158 1411
perimeter
158 1313
collect
158 582 626 1210
enough
158
apples
158 582 834
distinct
159 366 466 528 882 1036 1045 1250 1629 1677
excellent
160
module
162
white
163
tiles
163
carpet
163
relative
164 784
cooldown
165
insert
167 327 395 893 1675
rotate
168 288 783 968 1640
duplicates
169 513 802 893 948 1177 1243 1715
third
170
k-diff
171
pair
172 374 556 681 1271
chain
172 1352
verifying
174
alien
174
same
175 197 466 612 768 931 1342 1408 1454 1473 1562 1712
k-th
176 616 681 865 1582
prime
176 521 737 1148 1192 1250 1391 1437
fraction
176 576 855
eliminate
177
monsters
177
plates
178
between
178 324 374 404 406 451 518 546 632 651 734 785 833 1019 1161 1299 1378 1473 1504
candles
178
subjects
179
taught
179
teacher
179
change
180 633 770 945 1456 1585
satisfy
180 1328
conditions
180 1021 1486
word
181 320 375 387 454 682 695 878 947 979 1017 1065 1085 1114 1186 1218 1269 1279 1353 1390 1443 1469 1502 1511 1644 1644 1713
equals
181 1272
summation
181
compare
182 1068
version
182 904
counting
183 1396
bits
183 275 737 999 1162 1449 1676
beauty
184 467 684
broken
185
decreasing
186
will
187 667
ball
187
fall
187
equivalent
188 196 390 391
domino
188 662 1214
lower
189 1154 1618
case
189 190
customers
191 1593
who
191 583 885 1593
bought
191
products
191 303 565 981 1337 1435 1551
squareful
192
merge
193 260 332 406 433 446 563 646 734 1009 1312 1341 1524 1533 1710
similar
193 325 357 816
items
193 797 875 978
xor-beauty
194
wonderful
195
flip
196 269 807 1201 1303
trees
196 236 679 709 764 830 1002 1479 1692 1710
cost
197 272 286 501 508 595 943 951 993 1110 1112 1160 1242 1533 1585 1657
move
197 259 371 872 1335
chips
197
position
197 253 254 763 1047 1675
has
198 583 1292
earnings
199
taxi
199
happy
200 348 616 729
build
202 991 1021 1503 1695
second
204 293 601 921
allow
207
function
207 490 783 1174 1213 1416 1691
call
207 1213
triangulation
208
polygon
208 1275
min
209 680 1160
floored
210
connectivity
211
threshold
211 794 902
browser
212
history
212
encode
214
tinyurl
214
critical
215 785
pseudo-critical
215
edges
215 754
spanning
215
subtree
217 438 919 1081 1481
another
217 360 762 1028 1164
wildcard
218
matching
218 875 1083 1116 1196 1385
repeated
219 605 1247 1422 1549
times
219 768 777 885
rotated
220 627 1395 1636 1671 1682
incompatibility
221
monotone
222 269
limited
223 1517
jumps
224
reach
224 286 315 601 763 769 958 1208
home
224
jump
225 251 385 462 641 748 989 1323
v
225
fertile
227
pyramids
227
land
227
iv
229 385 1016 1122 1127 1176 1315 1330 1658
vowel
231 459 567 1202 1402
weight
232 790 1397
type
233 979 1502
possible
236 321 1586
full
236 848 1152 1291
divisor
237 434
depth
238 1462 1501 1543 1606
n-ary
238 674 1151 1302
without
239 329 927 1055
repeating
239 744 1316 1358 1490
push
240
dominoes
240
evaluate
241 564
division
241 531
orderly
242
neighboring
244
bitwise
244 257 599 1206 1301 1681
xor
244 308 566 757 1072 1132 1384 1414 1461 1538 1542 1548
interleaving
245
stamping
246
sequence
246 266 285 746 910 1239 1246 1392 1434
level
248 1151 1438 1482 1694
traversal
248 255 295 373 449 625 674 700 807 896 1151 1236 1283 1302 1482 1518 1694
sums
249 460 702 856 1007 1074 1451 1626
removal
249 958
latest
252 1296 1600
replacing
252 1391
hidden
252
frog
253 641
t
253
seconds
253
element
254 410 445 483 675 811 1019 1098 1363 1367 1368 1377 1399 1414 1527 1531 1553 1588 1631
construct
255 316 352 373 488 604 625 856 896 1104 1434
preorder
255 295 449 625 674 807 896 1458
invalid
256 1460
tweets
256
triples
257 1078
baseball
258
zeroes
259 412 490 1680
2d
260 831 1142 1167 1172 1486
summing
260
values
260 306 374 457 613 622 943 1035
completeness
261
recent
263
calls
263
maximal
264 571 664 1556
square
264 377 747 795 915 984 1078 1248 1336
map
265 1364
fancy
266 606
data
267 309 334 1251 1536 1668
structure
267 309
intersections
270
summary
271
ranges
271 1209 1402
jewels
273
prefixes
274 858
tilt
276
population
277
year
277
x
278 421 421 731
kind
278
deck
278
create
279 335 1174 1220 1465 1524
through
279 387 828
instructions
279 859
coprimes
280
reaching
281
tag
282
validator
282
counter
283 349
copy
284
random
284 426 1000 1303 1348 1397
pointer
284
destination
286 601 1360 1630
taking
289
exam
289 318 473
redundant
290 1655
connection
290 1655
calculate
291 877 1714
delayed
291
arrival
291
subrectangle
292
queries
292 380 464 573 732 1058 1373 1538 1546 1548 1584
there
294 586 1193
is
294 317 330 536 543 586 762 774 777 895 947 962 1016 1052 1118 1193 1335 1362 1682
gas
296
station
296
ascending
297 903
sentence
297 396 772 1579 1644
categorize
298
according
298 1530
criteria
298
cherry
299 986
pickup
299 986 1702
loud
300
rich
300
uni-value
301
parse
302
lisp
302
group
303 593 1097 1209 1259
sold
303
date
303
strong
305 982
password
305 982
checker
305 982
o`one
309
numeric
310
reachable
311 962 1059
restrictions
311
rank
312 571 966 1149 1357
teams
312 1300
votes
312
gray
313
code
313 1039
frequency
314 464 495 771 888 1085 1664
rotations
315 1214
di
316 1239 1545
-
317 418 862 893 1016 1126 1167
input
317 1016
room
318
subsets
320 356 514 976 1075 1198 1244 1572
minesweeper
323
widest
324
vertical
324 700 1066
containing
324 876 1011 1716
dice
326
roll
326
simulation
326 799 1447
getrandom
327 893
o(1)
327 893
fair
328 592 1376
aaa
329
or
329 421 768 902 1022 1125 1153 1154 1293 1466 1618 1633 1712
bbb
329
fibonacci
330 339 746 1392 1607
whose
330 762 1598
accounts
332
stream
334 483 719 916 1251 1668
as
334 1065 1466 1644
allocator
336
needed
338 1079 1124
inform
338
missing
340 919 933 955 1494
observations
340
distances
341 1266 1473
sliding
343 467 574
window
343 1119
pancake
344
sorting
344 937 1579
n-th
345
tribonacci
345
punishment
346
contains
350 1042 1265 1329
fizz
351
buzz
351
repeat
352
limit
352 617 1023 1293 1647
matches
353
tournament
353
work
354 1522 1544
sessions
354
finish
354 499 812 1294
mean
355
some
355
deleting
357 387 1553
ends
357
skips
358
arrive
358 1360 1571
at
358 457 492 509 581 794 885 1047 1063 1113 1201 1225 1292 1316 1326 1360 1495 1657 1688
meeting
358
classes
359
concatenating
360
spiral
361 1170 1666
return
362 815
forest
362 1212
complementary
364
earn
365 1405
swapping
368
event
370 1002
emitter
370
combinations
371 1238 1255
chessboard
371 853 1069
k-beauty
372
inorder
373 896 1518
postorder
373 625 1236 1302
break
375 695 711 1056 1164
process
376 1433 1645
servers
376 505
filling
378
bookcase
378
shelves
378
coordinate
379 1384
network
379 571 756 1143 1343
quality
379 573 1439
reconstruct
383 1514 1698
original
383 547 817
english
383 822
bricks
386
falling
386 461 841
when
386 756
hit
386
sqrt(x)
388
whether
390 1639
almost
390
cameras
393
covering
394
lists
394 734 743 1009 1341 1432
corporate
397
flight
397
bookings
397
levels
398
big
399
countries
399
recover
400 449
modify
402
edge
402 779 1517
weights
402
erasure
403
lowest
404 800 1340 1509
scores
404 1357
zeros
406 1334
successful
407
spells
407
potions
407
categories
408
heroes
409
peak
410 1194 1364 1527
verbal
411
arithmetic
411 418 621 814 994 1178 1246 1563
puzzle
411 574
groups
414 585 797 816 935 1046 1332 1419 1589
comments
415
univalued
416
koko
417
eating
417
bananas
417
slices
418 911 1178
hand
419
straights
419
ascii
420
greater
421 510 539 598 727 880 902 1301 1363 1531
edit
423
detect
425 932
pick
426 1000 1156 1397
blacklist
426
multiplicity
428
degree
429 661
connected
429 1143
trio
429
magical
431
alternately
433 673
greatest
434 1541
ideal
435
investments
437
2016
437
frequent
438 549 825 1183
contain
439
virus
439
k-sum
441 808
altitude
442
lucky
444 1605
triplets
446 566 950 994
triplet
446 789
chunk
450
chosen
451
pseudo-palindromic
452
ancestors
453
acyclic
453
lengths
454
row
460 620 1022 1086 1158 1214 1457 1712
column
460 620 712 1022 1359 1712
parsing
463
boolean
463
probability
466 853 1346
boxes
466 603 1263 1603
having
466
balls
466 476 538 872 1023
escape
468 909 1327
ghosts
468
that
469 496 505 566 649 667 780 838 918 984 1033 1065 1080 1328 1362 1565 1624
up
469 1061 1156
malware
470 1407
spread
470 1407
rungs
472
confusion
473
bst
474 833 880 891 1016 1093 1103 1377 1524 1562 1568
vowels
475 876 1459 1477 1620
4sum
477
single
479 811 1067 1372 1524 1669
partitioning
481 739 1122 1155
city
482 638 685 794 1258 1630 1648
scheduling
482 533
robots
484
within
484 956 972 1226
budget
484 972
alternating
485 647 1012 1131 1217 1426 1449 1505
html
486
entity
486
parser
486 778 863
diagonal
487 521
traverse
487
quad
488
short
489
encoding
489
preimage
490
factorial
490 1305 1680
percentage
491 573 890
least
492 581 715 885 1063 1225 1295 1316 1657 1688
twice
492 760
others
492
tweet
495
counts
495 649 876
per
495 1433
events
496 780 1171
be
496 780 838 1218 1567 1639
attended
496 780 890
unoccupied
497
chair
497
competitive
498
race
499 1497
memoize
500 926
hire
501
workers
501
consistent
502
ipo
503
bad
504 904
handled
505
requests
505 583 1645 1683
hash
506
employee
507 1089 1107 1276 1386 1623
importance
507 1345
roads
508 1345
numerically
510
distribute
511 721 874 1358 1393
candies
511 721 1541
reveal
512
cross
515 1379
bridge
515 1496
assign
516
angle
518
hands
518 534
clock
518
utf-8
519
validation
519
primes
520
widths
522
replacement
523 1490
diameter
524
wear
525
hats
525
other
525
board
528 1205 1652
video
529
stitching
529
optimal
531
course
532 666 1047 1176 1583
schedule
532 666 1176 1436 1583
profit
533 1544
job
533 1436
couples
534
holding
534
negations
535
bipartite?
536
music
537
playlists
537
diminishing-valued
538
it
543 895
straight
543
friends
544 583 1264
appropriate
544
ages
544
large
545 1327 1589
island
545 821
exists
547 869
encoded
547 645
pruning
548
snakes
550
ladders
550
out
551 1464
representing
552
1
552 999 1654 1676
days
553 570 623 651 1173 1226
rob
553
bank
553 877 1417
less
554 1293
container
557
water
557 854 954 971 1108 1203 1411
provinces
558
meals
561
shifting
562 845
letters
562 845 1090 1120 1473
polish
564
notation
564
minimized
565
distributed
565
any
565 1190 1644
store
565 1689
spellchecker
567
addition
568 576
tiling
569 662
fewest
569
user
570
activity
570
past
570
30
570
available
575
captures
575
rook
575
subtraction
576 1437
refueling
577
stops
577 956
get
578 614 636 852 972 1264 1562 1626 1659
positive
578 724 936 955 1270
step
578 578
divisibility
579 1418
allocate
580
mailboxes
580
friend
583 1645
ii:
583
combination
584 988 1127 1134 1301
farmland
585
reduce
587 731 1020 1231 1420 1686
transformation
587
subpath
590
pascal's
591 1697
anagrams
593 635 1599 1643
take
594 944
gifts
594
pile
594
flatten
596 644 901 1650
restaurant
597 750
growth
597
outermost
600
occurrence
602 1133
delivering
603
storage
603
ports
603
match
605 807 1545
k-distant
607
indices
607 937 1094 1627
dungeon
608
rows
610 1389 1685
bag
611 1023
tokens
611
pieces
612
both
612
neighbors
612 794 1614
local
613 1200
changing
614 657
zigzag
615 973 1482 1616
lexicographical
616 914 1582
cache
617 1394
cat
618 1076
mouse
618 1076
keep
622 1258
multiplying
622
found
622
prison
623
non-decreasing
624 997
coins
626 1393 1404
phone
629 655 1238
sub
631
islands
631 1304
lemonade
633
freedom
634
trail
634
resultant
635
recolors
636
black
636
blocks
636
intersection
637 743 987 1688
powered
638
effort
640
dot
642
multilevel
644
doubly
644
decompress
645
run-length
645
generate
649 746 751
rational
650
dates
651
parts
652 1221 1256
how
653
many
653
smaller
653 1057
current
653
filter
654 1398
restaurants
654
vegan-friendly,
654
reformat
655 1306
patching
656
symmetric
659
tromino
662
applying
664 1187
origin
665 815
chalk
667
magic
668 671 692 915
your
669 669 1264
favorite
669 669 762
candy
669 1339 1376 1701
day?
669
ambiguous
670
coordinates
670
beans
671
costs
672
foobar
673
majority
675 1588
knight
676 853 1064
tour
676
configuration
676
describe
677
painting
677 1365
winner
678
bowling
678
smoother
683
avoid
685
flood
685 761
repair
686
cars
686 1716
cousins
687 1317
inserter
688
resizing
689
placing
691
orders
691 750 1506
marking
693
greatness
694
bulb
696 980
switcher
696 980
exclusive
698
functions
698
fish
699
histogram
701
queues
703
soup
704
servings
704
include
705
leaf-similar
709
pivot
710 1530
great
713
partitions
713
hashmap
714
operators
715 805
express
715
suffix
716
reversing
717
divisions
718
ordered
719 1551
seat
722 866 1346
everyone
722
happiness
723
solution
724
crossing
725 1041
gold
730
handling
732
update
732
disappeared
733
height
738 764 1547
stacking
738
cuboids
738
deci-binary
739
2
741 1450 1576
eggs
741
floors
741 927 927
vii
742 748
four
749 1307 1566
divisors
749 1147 1163
display
750
additions
752
stars
753
degrees
754
becomes
756
idle
756
chalkboard
757
center
759
star
759
appear
760 1065
fill
761
companies
762
not
762 847 1614
exactly
763 1144 1695
task
766 1415
scheduler
766 1415
alert
768
key-card
768
hour
768
period
768 1551
coin
770 1456
ugly
773 1285 1338 1383
even-valued
775
grandparent
775
visiting
776
prefix-aligned
777
goal
778
interpretation
778
object
782
instance
782
class
782
ranks
784
waiting
787
vi
791
1-bordered
795
watch
796
respecting
797
dependencies
797
projection
798
3d
798 1099
shapes
798 1099
walking
799 1447
robot
799 815 843 1112 1447
ancestor
800 844 1299 1340 1509
deepest
800 1081 1102
chunked
806
decomposition
806
folders
810
initial
812
energy
812
base
813 1423 1516
-2
813
doubled
817 1592
paint
824 1351
×
824
3
824 1401
following
825
formation
828
fix
829
factors
830 1250 1391
1d
831 1145
cracking
832
safe
832 1444
eaten
834
sequences
835 1267 1422
nice
837 906
enemy
838
forts
838
captured
838
travellers
840
(atoi)
842
bounded
843 1113 1703
circle
843 1222
custom
846 1213
boring
847
movies
847
rounds
848 1296
played
848
compression
849
hexadecimal
850
slanted
851
ciphertext
851
generated
852
swim
854
rising
854 1204
recurring
855
decimal
855
multiple
856 1308
subtrees
861 1504
mutable
862
mini
863
symbol
865
grammar
865
cinema
866
allocation
866
reorder
867 1536 1562 1648
shopping
868
offers
868
keys
870 1450 1659
washing
873
machines
873
money
874 877
children
874
rule
875
leetcode
877
subtracting
879
amounts
879
invert
883
actors
885
directors
885
cooperated
885
harmonious
886
users
890 1523
contest
890
serialize
891 1026
deserialize
891 1026
russian
892
doll
892
envelopes
892
allowed
893
reorganize
894
brick
898
wall
898
deeply
901
sub-arrays
902 964
69
908
spreading
909
fire
909
pizza
911 1369
3n
911
side
913
view
913
queens
918
attack
918
king
918
genetic
919 1507 1707
building
920 1208 1263
h2o
920
ransom
923
note
923
submatrix
928
rearrangements
928
followers
929
tuple
931
capital
932 1427
subdomain
934
entering
935
competition
935
quadruplets
938 1441
plus
941 1558
snapshot
942
email
946
substitutions
947
finding
953 1188
certain
953
trapping
954 1108
rain
954 1108
cheapest
956
flights
956
gcd
957
obstacle
958 1047
corner
958
3-same-digit
959
goat
960
latin
960
point
962
reward
965
transform
966 1069 1149 1631
performing
970 1370
pacific
971
atlantic
971
flow
971
conversion
973
well-performing
974
mode
975
overlap
977 1484
fingers
979
recyclable
981
low
981
fat
981
replacements
983
rectangles
984 1413
ant
991
colony
991
contiguous
992 1334
tickets
993 1046 1079
pillow
996
cut
1002 1467
off
1002
golf
1002
detonate
1003
bombs
1003
inverse
1005
strange
1006
printer
1006
k-subarray
1007
defuse
1008
bomb
1008
climbing
1010 1160
stairs
1010 1160
differences
1014 1129 1408
sleep
1015
half
1020
completely
1022
painted
1022
turbulent
1025
dota2
1027
senate
1027
step-by-step
1028
directions
1028
parking
1029
1-bit
1032
2-bit
1032
diagonally
1034
strongest
1035
echo
1036
morse
1039
self
1041 1057 1261 1512
ramp
1043
champagne
1044
tower
1044
booking
1046
concert
1046
permutations
1048 1092 1239
skyline
1049 1258
problem
1049 1203
frogs
1050
croaking
1050
online
1051 1137
election
1051
powers
1052
simplified
1053
fractions
1053
non-negative
1055
subdivided
1059
1's
1063 1553
places
1063
away
1063
dialer
1064
piece
1066
cake
1066
horizontal
1066
cuts
1066
backspace
1068
atoms
1070
elimination
1071
square-free
1075
corresponding
1080
block
1082
camelcase
1083
final
1084 1370 1585
prices
1084 1169
discount
1084 1169 1506
shop
1084
pow
1088
which
1089 1522
report
1089
life
1091
marked
1094
bitset
1095
lr
1096
surface
1099
teach
1101
mutating
1106
bonus
1107 1714
24
1109
cooking
1110
erect
1111
fence
1111
homecoming
1112
sender
1114
play
1115 1330
analysis
1115 1330
regular
1116
only
1120
k-similar
1121
labels
1123
immutable
1126 1167
enclaves
1128
isomorphic
1130
rearranged
1135
put
1136
marbles
1136
bags
1136 1291
span
1137
appeal
1138
parenthesis
1139
empty
1141
running
1145
sudoku
1150 1324
flowers
1152 1273
bloom
1152
flips
1153 1237 1426
b
1153
c
1153
guess
1154 1186 1618
higher
1154 1618
h-index
1166 1717
apply
1169 1506 1631 1681
m
1173
bouquets
1173
hello
1174
world
1174
jumbled
1179
complex
1182
fruit
1184
baskets
1184
lexicographically
1187 1410 1434 1641
3-digit
1188
boomerangs
1189
bulls
1191
cows
1191
balance
1197
validate
1199 1267 1298
global
1200
inversions
1200
disconnect
1201
jug
1203
temperature
1204
battleships
1205
ors
1206
overlapping
1209 1222
amount
1210 1567
garbage
1210
rabbits
1212
context
1213
say
1216
changes
1217
placed
1218
crossword
1218
descriptions
1220
rotting
1223
oranges
1223
wiggle
1224 1475
direct
1225
reports
1225
capacity
1226 1291
ship
1226
packages
1226
d
1226
homogenous
1227
transpose
1228 1319
texts
1230
bit
1237 1380
halves
1240
alike
1240
dessert
1242
bitwise-or
1244
rle
1245
progression
1246
streak
1248
components
1249 1535
skiplist
1252
rearranging
1254
fruits
1254
boats
1257
save
1257
increase
1258
lines
1260 1554 1570
write
1260
dividing
1261
watched
1264
videos
1264
tic-tac-toe
1268
state
1268
negative
1270 1314
sightseeing
1271
place
1273
collisions
1275
monkeys
1275
primary
1276
ix
1278
pattern
1279 1609
median
1280 1668
append
1281
minimal
1281
parity
1282 1474
snail
1283
starting
1287
splitting
1290 1566
rocks
1291
diff
1293
jobs
1294
earliest
1296
players
1296
compete
1296
perfect
1297 1336 1455 1708
clumsy
1305
town
1310
judge
1310
long
1318
pressed
1318
name
1318
judgement
1321
text
1322 1430
justification
1322
solver
1324
array-form
1325
decoded
1326
maze
1327 1406
condition
1328
codes
1329
special-equivalent
1332
tenth
1333
longer
1334
legal
1335
coprime
1337
delay
1343
senior
1344
citizens
1344
airplane
1346
assignment
1346
toeplitz
1347
burst
1349
balloons
1349
multiples
1350
ladder
1353 1390
illumination
1355
title
1359
splitted
1361
such
1362
n-repeated
1367
2n
1367
cutting
1369
variable
1370
still
1379
spent
1386
superstring
1387
lru
1394
referee
1403
arranging
1404
nearest
1406
exit
1406
entrance
1406
non-increasing
1409
taps
1411
open
1411 1513
interchangeable
1413
cancellable
1416
simple
1417
dna
1422
complement
1423
10
1423
gain/loss
1427
tallest
1429
billboard
1429
editor
1430
machine
1433
difficulty
1436
excluding
1440
sales
1442
eventual
1444
states
1444
card
1445
restricted
1448 1645
keyboard
1450
dining
1452
philosophers
1452
verify
1458
serialization
1458
totals
1461
boundary
1464
logical
1466
grids
1466
represented
1466
quad-trees
1466
regions
1467 1587
slashes
1467
units
1468
truck
1468
completing
1469
asteroid
1470
collision
1470
masking
1471
personal
1471
information
1471 1494
watering
1472
plants
1472
minimums
1480
strength
1483
wizards
1483
bottom
1485
conflicts
1492
new
1493
21
1493
doing
1495
homework
1495
simplify
1498
nesting
1499 1501 1543
typewriter
1502
cities
1504
every
1506
mirror
1508
reflection
1508
boomerang
1510
except
1512
lock
1513
trips
1515 1523 1591
7
1516
checking
1517
existence
1517
remapping
1520
weeks
1522
bsts
1524
movie
1526 1638
losers
1529
reduction
1534
log
1536
files
1536
daily
1537 1580
leads
1537
partners
1537
sufficient
1539
variance
1540
kids
1541
assigning
1544
reconstruction
1547
uncrossed
1554
sign
1558
buddy
1561
divide
1565 1575
infected
1567
mice
1569
cheese
1569
represent
1570
chart
1570
speed
1571
reordered
1576
temperatures
1580
bipartition
1586
surrounded
1587
positions
1589
powerful
1590
never
1593
satisfiability
1595
equality
1595
equations
1595
weak
1597
company
1598
login
1600
2020
1600
twitter
1601
unguarded
1610
debounce
1611
removable
1613
multiply
1615
labelled
1616
decrypt
1617
alphabet
1617 1652
mapping
1617
visited
1621
id
1623
identifier
1623
differ
1624
secret
1625
biggest
1626 1669
rhombus
1626
independently
1627
unsorted
1628
over
1631
redistribute
1632
impossible
1633
trie
1634
(prefix
1634
tree)
1634
deque
1635
expressive
1637
rental
1638
obtained
1639
occurs
1644
promise
1647
lead
1648
radius
1649
averages
1649 1693
article
1651
views
1651
compatibility
1663
tracker
1664
sub-folders
1665
filesystem
1665
confirmation
1670
rate
1670
vertically
1672
reducing
1673
dishes
1673
win
1674
wrapper
1678
front
1679
back
1679
trailing
1680
achievable
1683
transfer
1683
reshape
1684
weakest
1685
0
1686
hashset
1687
key-value
1689
profitable
1690
schemes
1690
composition
1691
comparisons
1695
deviation
1696
itinerary
1698
tastiness
1701
basket
1701
delivery
1702
options
1702
darts
1704
inside
1704
dartboard
1704
trim
1705
flower
1706
planting
1706
mutation
1707
songs
1709
durations
1709
60
1709
removed
1712
stickers
1713
spell
1713
illegal
1716
goods
1716
lcp
1719
